layout_spectrum: 0.5181704
color:
  saturation: 0.8101504
  lightness: 0.3402256
  brandStrength: 0.331554
  rhythmicContrast: 0.8552632
typography_spectrum: 0.3189223
name: Recipe Binder
