layout_spectrum: 0.1710526
typography_spectrum: 0.3189223
color:
  saturation: 0.231203
  lightness: 0
  brandStrength: 0.8872181
  rhythmicContrast: 0.2380952
name: Recipe Binder
